65 66
51 133
94 235
84 274
191 203
225 7
305 60
404 146
634 203
633 212
673 259
638 446
761 389
741 341
759 241
781 159
796 64
1001 9
960 234
815 303
932 363
1028 412
1074 439
993 519
986 621
956 614
911 675
960 804
923 821
873 808
841 615
822 601
767 666
617 898
536 775
506 760
389 851
405 895
419 1005
615 1139
697 1171
708 1313
619 1272
474 1429
407 1395
327 1289
277 1164
187 1068
211 877
202 850
199 739
444 483
435 307
347 461
230 495
208 468
44 777
108 976
53 1122
109 1139
127 1350
66 1490
107 1598
213 1390
457 1481
582 1576
629 1655
552 1689
456 1681
539 1840
623 1901
785 1849
780 1924
849 1995
873 2037
945 2145
946 1885
945 1776
1039 1763
1124 1746
1050 1646
1025 1683
957 1640
892 1567
979 1483
985 1467
1063 1303
977 1307
894 1309
910 1036
944 1013
987 1018
1045 1066
1123 854
1121 846
1230 894
1163 1163
1317 1140
1384 1175
1375 1131
1417 967
1519 999
1579 968
1574 1207
1454 1258
1378 1421
1335 1402
1208 1381
1155 1474
1166 1503
1205 1537
1267 1491
1315 1573
1286 1666
1269 1711
1357 1762
1266 1840
1178 1860
1183 1955
1268 1965
1348 2049
1250 2079
1054 2196
1070 2247
1013 2246
837 2238
712 2518
620 2145
532 2203
371 2107
203 2041
350 1831
47 1807
34 2027
49 2280
119 2278
131 2250
343 2300
489 2411
420 2533
428 2628
124 2669
85 2717
235 2840
308 2840
315 2842
440 2853
789 2722
886 2655
855 2592
958 2595
945 2498
1036 2463
1058 2496
1177 2481
1235 2435
1304 2312
1324 2322
1357 2233
1480 2200
1686 2117
1683 1994
1694 1991
1869 2086
1804 2174
1772 2300
1701 2345
1584 2292
1595 2315
1531 2498
1424 2617
1258 2662
1282 2735
1354 2733
1440 2676
1479 2641
1590 2629
1699 2690
1723 2586
1827 2560
1862 2654
1849 2682
1813 2762
1722 2837
1796 2816
1877 2839
2106 2988
2149 3125
2210 3165
2023 3519
1950 3504
1899 3503
1884 3506
1747 3515
1859 3377
1902 3359
1982 3289
1913 3055
1711 3078
1686 3183
1691 3241
1669 3268
1629 3367
1609 3345
1556 3230
1489 3260
1397 3259
1287 3165
1175 3057
1237 2916
1111 2778
897 2781
897 2802
834 2802
832 2873
927 2877
1013 3067
960 3148
883 3291
755 3339
563 3506
515 3430
447 3359
388 3380
431 3282
433 3212
432 3203
410 3203
400 3208
367 3185
475 3096
449 2985
260 3048
103 3051
125 3174
195 3349
244 3428
251 3521
165 3613
97 3715
39 3749
54 3772
120 3996
268 4129
320 4063
354 4023
377 4023
332 3961
445 3836
451 3832
601 3876
621 3902
630 3772
414 3552
485 3582
858 3589
988 3669
1016 3691
1077 3745
1128 3851
1111 3992
974 3945
991 4105
1097 4268
1073 4338
979 4411
807 4501
674 4479
604 4379
715 4273
756 4249
569 4136
560 4204
527 4207
408 4329
294 4436
341 4503
431 4495
441 4634
346 4574
195 4539
104 4444
88 4539
72 4612
53 4621
111 4757
265 4676
429 4915
418 4934
538 4964
593 4764
700 4985
933 4846
1114 4836
1071 4925
1060 4961
1172 4968
1247 4973
1421 4987
1560 4820
1751 4938
1876 4830
1862 4797
1871 4764
1865 4708
1862 4640
1852 4616
1893 4408
1708 4420
1455 4535
1361 4521
958 4673
788 4706
772 4631
921 4612
962 4525
1018 4521
1118 4430
1262 4470
1340 4481
1490 4425
1376 4306
1357 4267
1154 4135
1178 4059
1374 4156
1529 4297
1563 4227
1760 4075
1444 4009
1391 3966
1384 3956
1525 3850
1630 3785
1489 3730
1412 3678
1316 3561
1098 3425
1183 3354
1182 3294
1162 3251
1404 3419
1493 3651
1575 3582
1762 3624
1812 3663
1880 3608
1975 3708
2005 3829
1881 3948
1876 4043
1921 4065
1980 4042
1984 4226
2039 4282
2106 4274
2118 4514
2050 4604
2023 4585
1997 4659
2001 4830
2064 4817
2085 4816
2200 4980
2244 4781
2216 4708
2353 4620
2417 4663
2396 4777
2465 4868
2498 4941
2514 4858
2568 4751
2609 4709
2659 4735
2732 4798
2847 4962
2913 4882
3118 4941
3082 4727
3182 4729
3222 4664
3351 4586
3475 4563
3479 4666
3454 4678
3395 4899
3426 4917
3624 4874
3651 4751
3846 4751
3918 4863
3884 4754
3924 4593
4073 4660
4234 4728
4248 4832
4188 4993
4297 4989
4435 4960
4359 4886
4309 4814
4351 4683
4509 4505
4575 4451
4735 4449
4738 4497
4739 4566
4680 4680
4688 4904
4670 4924
4627 4978
4879 4922
4839 4752
4798 4512
4844 4383
4812 4368
4902 4269
4975 4188
4961 4075
4849 3972
4840 4005
4753 4034
4725 4259
4618 4290
4654 4145
4649 4141
4549 4114
4504 4175
4488 4201
4485 4305
4390 4340
4264 4360
4241 4229
4193 4251
4031 4286
3956 4317
3831 4405
3776 4329
3681 4274
3676 4330
3551 4401
3494 4408
3440 4370
3317 4429
3270 4400
3137 4369
3192 4523
3150 4483
3052 4476
2704 4694
2713 4645
2654 4415
2509 4494
2441 4479
2395 4297
2653 4370
2702 4409
2709 4410
2758 4360
2824 4257
2922 4186
3044 4227
3071 4254
3175 4147
3111 4116
3024 3999
2988 3952
2922 3833
2948 3792
2746 3678
2708 3718
2592 3765
2571 3974
2580 4062
2525 4184
2411 4096
2355 4167
2293 4150
2234 3989
2211 3969
2381 3945
2273 3725
2282 3710
2335 3642
2396 3710
2408 3677
2459 3556
2449 3384
2500 3377
2516 3329
2613 3096
2636 3060
2625 3023
2551 2989
2562 2897
2533 2906
2510 2892
2309 2895
2155 2966
2079 2863
2199 2773
2126 2605
2043 2509
1882 2343
1922 2349
2019 2339
2130 2429
2135 2465
2301 2598
2317 2566
2336 2531
2460 2632
2569 2513
2565 2506
2558 2463
2688 2481
2660 2594
2599 2631
2625 2715
2624 2747
2745 2773
2805 2809
2803 2624
2998 2528
3078 2491
2680 2200
2585 2289
2302 2221
2342 2277
2368 2387
2233 2452
2235 2279
2142 2070
2329 2073
2327 1867
2247 1851
2131 1861
2065 1914
1975 1819
1896 1825
1904 1860
1822 1860
1716 1791
1625 1866
1454 1968
1474 1926
1546 1843
1493 1717
1536 1708
1571 1555
1601 1537
1767 1440
1822 1154
1842 1245
1903 1359
1884 1421
1950 1553
1942 1730
2112 1690
2196 1752
2227 1758
2301 1595
2299 1508
2525 1489
2544 1568
2570 1727
2501 1802
2515 1874
2582 1872
2622 1877
2668 1937
2750 2048
2766 2113
2800 2042
2618 1757
2751 1763
2792 1767
2848 1825
2951 1906
2996 1811
3079 1766
3070 1636
3021 1563
2930 1646
2937 1660
2875 1706
2853 1659
2786 1529
2759 1541
2706 1437
2768 1415
2941 1341
3015 1307
2977 1277
2885 1158
2879 1068
2643 959
2629 1103
2451 1219
2446 1037
2374 733
2169 845
2248 977
2261 1161
2145 1127
2077 1061
1979 905
2047 798
1998 792
1972 678
2269 614
2269 522
2180 508
2163 495
2082 363
2037 433
1965 526
1768 629
1700 605
1638 662
1629 680
1471 649
1447 662
1437 558
1513 513
1304 205
1255 18
1267 20
1427 158
1509 233
1652 353
1646 416
1724 356
1796 416
1827 347
1798 160
1788 155
1915 87
1959 20
1949 174
2178 168
2346 287
2353 356
2343 413
2416 423
2470 433
2543 360
2403 243
2520 169
2510 65
2728 117
2827 136
2590 586
2676 610
2766 736
2866 800
3011 849
3102 861
3156 964
3190 953
3349 1059
3382 1085
3187 1194
3121 1230
3226 1421
3242 1573
3179 1677
3203 1713
3334 1716
3353 1941
3360 1992
3051 1883
3098 1961
3169 2025
3185 2146
3215 2289
3257 2423
3297 2366
3309 2302
3576 2057
3711 1932
3814 1867
3781 1722
3719 1785
3618 1756
3588 1544
3436 1539
3273 1442
3271 1442
3293 1425
3340 1273
3356 1226
3563 1253
3629 1320
3723 1203
3706 1195
3641 1112
3622 1036
3590 966
3463 944
3483 901
3419 792
3364 802
3355 832
3253 793
3271 734
3149 710
3082 748
2967 790
2924 599
2989 559
3065 447
3085 361
2995 317
2994 216
3005 20
3115 125
3133 91
3248 64
3346 52
3633 17
3609 67
3711 296
3743 444
3511 584
3437 513
3412 487
3389 376
3212 239
3264 325
3263 416
3211 525
3202 591
3321 548
3763 1005
3783 1012
3786 1049
3903 1120
3976 1104
4025 1012
4294 932
4272 806
4226 756
4160 761
4070 754
3952 673
4038 596
4141 595
4298 543
4322 638
4339 709
4424 707
4495 645
4470 188
4352 229
4270 218
4175 269
4083 323
3990 431
3962 381
3916 370
4160 67
4303 107
4352 140
4623 11
4669 71
4640 121
4662 163
4729 194
4709 258
4763 280
4802 170
4918 21
4867 120
4825 184
4842 205
4860 237
4938 441
4991 435
4985 456
4984 537
4891 563
4734 531
4630 761
4773 724
4964 968
4877 1019
4926 1221
4599 1308
4630 1208
4567 1132
4480 1045
4458 1136
4345 1083
4236 1062
4217 1139
4120 1098
4062 1232
3955 1229
3797 1375
3798 1463
3989 1725
3966 1812
4021 2073
3938 2151
3719 2094
3555 2206
3559 2316
3598 2552
3535 2865
3452 3042
3274 2981
3242 2985
3279 2862
3356 2654
3246 2589
3121 2600
3014 2625
3072 2733
3007 2699
2966 2728
2918 2746
3012 2849
3041 2885
3122 3031
3150 3062
3230 3097
3292 3257
3329 3494
3234 3476
3249 3441
3044 3246
2927 3035
3009 3234
3034 3406
2909 3393
2909 3379
2878 3372
2716 3387
2797 3421
2831 3410
2944 3514
3040 3572
3181 3603
3280 3779
3273 3969
3347 4056
3353 4069
3404 4185
3414 4101
3332 3957
3403 3882
3423 3927
3657 4038
3775 4056
3796 4132
3897 4135
3976 4076
3875 3922
3649 3858
3636 3720
3605 3708
3644 3583
3777 3432
3588 3434
3489 3481
3476 3358
3506 3282
3515 3162
3614 3000
3679 2961
3630 3024
3628 3114
3627 3137
3602 3342
3686 3357
3731 3311
3848 3319
3955 3419
3924 3320
3986 3208
4091 3071
4100 3071
4251 3211
4357 3209
4404 3279
4327 3311
4202 3447
3925 3527
3997 3586
4092 3733
4075 3738
4076 3790
4290 3856
4399 3801
4403 3822
4254 3958
4306 4031
4329 4121
4408 4040
4425 4006
4431 3989
4495 3971
4577 3906
4668 3907
4695 3793
4760 3794
4827 3860
4980 3865
4840 3698
4940 3699
4958 3599
4987 3569
4731 3487
4667 3586
4518 3652
4474 3626
4504 3512
4428 3439
4466 3377
4724 3267
4737 3212
4740 3199
4960 3214
4944 3007
4939 2992
4978 2788
4809 2893
4653 3003
4567 2870
4472 2824
4381 2839
4254 2831
4127 2767
4127 2782
4112 2856
4066 2910
3952 2911
3881 2805
3766 2762
3800 2730
3819 2710
3874 2635
3808 2617
3848 2584
3831 2458
3928 2329
4007 2456
4131 2344
4187 2345
4139 2484
4196 2517
4336 2562
4499 2546
4537 2585
4606 2627
4738 2799
4787 2754
4725 2726
4686 2652
4604 2471
4547 2441
4635 2289
4488 2219
4453 2141
4274 1833
4310 1641
4023 1533
4052 1449
4164 1350
4242 1413
4295 1309
4365 1231
4384 1180
4470 1268
4464 1358
4447 1419
4506 1488
4535 1513
4622 1633
4634 1616
4672 1528
4755 1527
4757 1639
4708 1699
4606 1755
4466 1786
4434 1849
4492 1946
4727 1884
4748 1878
4804 1760
4909 2138
4911 2175
4790 2230
4789 2351
4892 2381
4917 2458
4836 2476
