1459 1731
4050 1474
1875 1296
3381 1116
3209 2653
1669 1037
1709 4394
1513 1295
791 3754
4389 1980
1492 3597
4956 869
3891 4338
1603 2428
3649 4327
3496 4177
562 67
4201 2906
2607 935
2439 1234
1666 47
4196 4029
2615 697
2462 798
1230 3068
2010 3584
982 1097
1880 2726
4686 1810
4760 3900
1791 4779
3009 3219
1680 3839
3112 2494
4478 436
4940 4790
3190 4853
1613 2871
217 1933
1163 4889
4835 2645
1270 984
2421 2814
3454 4963
746 4290
1226 4918
3972 2768
3684 1631
3613 3899
4703 2398
1286 1627
2845 3059
2224 1651
166 2992
2001 1064
4160 4837
90 2857
4457 1318
718 4049
1737 1965
4067 995
2733 1458
1677 4581
349 3430
2706 1557
3230 2922
2538 3276
4008 1244
2336 4407
4379 3548
2109 2397
1983 22
251 1848
1709 4206
1047 987
1327 4086
3792 2622
4964 3763
2644 1239
2540 2729
4595 3497
1791 2950
4798 3768
769 3131
1996 854
3076 2178
3825 2767
3633 221
4202 1376
1496 3379
4343 2280
4716 784
2524 4351
758 537
3547 1770
1091 368
4179 2843
4765 3552
1822 4942
1702 3559
